At time 1761203884.440325448
- Translation: [-0.003, -0.001, 0.000]
- Rotation: in Quaternion [0.000, 0.000, 0.161, 0.987]
- Rotation: in RPY (radian) [0.000, -0.000, 0.323]
- Rotation: in RPY (degree) [0.000, -0.000, 18.502]
- Matrix:
  0.948 -0.317  0.000 -0.003
  0.317  0.948  0.000 -0.001
  0.000  0.000  1.000  0.000
  0.000  0.000  0.000  1.000
At time 1761203885.432777649
- Translation: [-0.002, -0.001, 0.000]
- Rotation: in Quaternion [0.000, 0.000, 0.161, 0.987]
- Rotation: in RPY (radian) [0.000, -0.000, 0.323]
- Rotation: in RPY (degree) [0.000, -0.000, 18.533]
- Matrix:
  0.948 -0.318  0.000 -0.002
  0.318  0.948  0.000 -0.001
  0.000  0.000  1.000  0.000
  0.000  0.000  0.000  1.000
At time 1761203886.440322622
- Translation: [-0.001, -0.000, 0.000]
- Rotation: in Quaternion [0.000, 0.000, 0.161, 0.987]
- Rotation: in RPY (radian) [0.000, -0.000, 0.324]
- Rotation: in RPY (degree) [0.000, -0.000, 18.542]
- Matrix:
  0.948 -0.318  0.000 -0.001
  0.318  0.948  0.000 -0.000
  0.000  0.000  1.000  0.000
  0.000  0.000  0.000  1.000
At time 1761203887.432012078
- Translation: [-0.000, 0.000, 0.000]
- Rotation: in Quaternion [0.000, 0.000, -0.126, 0.992]
- Rotation: in RPY (radian) [0.000, 0.000, -0.252]
- Rotation: in RPY (degree) [0.000, 0.000, -14.424]
- Matrix:
  0.968  0.249  0.000 -0.000
 -0.249  0.968 -0.000  0.000
 -0.000  0.000  1.000  0.000
  0.000  0.000  0.000  1.000
At time 1761203888.439889580
- Translation: [-1.888, 0.000, 0.000]
- Rotation: in Quaternion [0.000, 0.000, -0.189, 0.982]
- Rotation: in RPY (radian) [0.000, 0.000, -0.380]
- Rotation: in RPY (degree) [0.000, 0.000, -21.794]
- Matrix:
  0.929  0.371  0.000 -1.888
 -0.371  0.929 -0.000  0.000
 -0.000  0.000  1.000  0.000
  0.000  0.000  0.000  1.000
At time 1761203889.432708090
- Translation: [-0.841, -1.003, 0.000]
- Rotation: in Quaternion [0.000, 0.000, 0.460, 0.888]
- Rotation: in RPY (radian) [0.000, -0.000, 0.957]
- Rotation: in RPY (degree) [0.000, -0.000, 54.827]
- Matrix:
  0.576 -0.817  0.000 -0.841
  0.817  0.576  0.000 -1.003
  0.000  0.000  1.000  0.000
  0.000  0.000  0.000  1.000
At time 1761203890.439977432
- Translation: [-1.330, -1.349, 0.000]
- Rotation: in Quaternion [0.000, 0.000, 0.656, 0.755]
- Rotation: in RPY (radian) [0.000, -0.000, 1.430]
- Rotation: in RPY (degree) [0.000, -0.000, 81.941]
- Matrix:
  0.140 -0.990  0.000 -1.330
  0.990  0.140  0.000 -1.349
  0.000  0.000  1.000  0.000
  0.000  0.000  0.000  1.000
At time 1761203891.433139391
- Translation: [-0.846, -1.893, 0.000]
- Rotation: in Quaternion [-0.000, -0.000, 0.749, 0.662]
- Rotation: in RPY (radian) [-0.000, -0.000, 1.694]
- Rotation: in RPY (degree) [-0.000, -0.000, 97.044]
- Matrix:
 -0.123 -0.992 -0.000 -0.846
  0.992 -0.123  0.000 -1.893
  0.000 -0.000  1.000  0.000
  0.000  0.000  0.000  1.000
At time 1761203892.440296315
- Translation: [-0.573, -1.840, 0.000]
- Rotation: in Quaternion [-0.000, -0.000, 0.854, 0.520]
- Rotation: in RPY (radian) [-0.000, -0.000, 2.047]
- Rotation: in RPY (degree) [-0.000, -0.000, 117.293]
- Matrix:
 -0.459 -0.889 -0.000 -0.573
  0.889 -0.459  0.000 -1.840
  0.000 -0.000  1.000  0.000
  0.000  0.000  0.000  1.000
At time 1761203893.431859322
- Translation: [-2.326, -1.003, 0.000]
- Rotation: in Quaternion [0.000, 0.000, 0.659, 0.752]
- Rotation: in RPY (radian) [0.000, -0.000, 1.439]
- Rotation: in RPY (degree) [0.000, -0.000, 82.453]
- Matrix:
  0.131 -0.991  0.000 -2.326
  0.991  0.131  0.000 -1.003
  0.000  0.000  1.000  0.000
  0.000  0.000  0.000  1.000
At time 1761203894.440362079
- Translation: [-2.690, 0.777, 0.000]
- Rotation: in Quaternion [0.000, 0.000, -0.069, 0.998]
- Rotation: in RPY (radian) [0.000, 0.000, -0.139]
- Rotation: in RPY (degree) [0.000, 0.000, -7.936]
- Matrix:
  0.990  0.138  0.000 -2.690
 -0.138  0.990 -0.000  0.777
 -0.000  0.000  1.000  0.000
  0.000  0.000  0.000  1.000
At time 1761203895.433049461
- Translation: [-2.611, -0.491, 0.000]
- Rotation: in Quaternion [0.000, 0.000, 0.210, 0.978]
- Rotation: in RPY (radian) [0.000, -0.000, 0.423]
- Rotation: in RPY (degree) [0.000, -0.000, 24.253]
- Matrix:
  0.912 -0.411  0.000 -2.611
  0.411  0.912  0.000 -0.491
  0.000  0.000  1.000  0.000
  0.000  0.000  0.000  1.000
At time 1761203896.440795099
- Translation: [-2.511, -0.949, 0.000]
- Rotation: in Quaternion [0.000, 0.000, 0.356, 0.935]
- Rotation: in RPY (radian) [0.000, -0.000, 0.728]
- Rotation: in RPY (degree) [0.000, -0.000, 41.697]
- Matrix:
  0.747 -0.665  0.000 -2.511
  0.665  0.747  0.000 -0.949
  0.000  0.000  1.000  0.000
  0.000  0.000  0.000  1.000
At time 1761203897.432862380
- Translation: [-1.969, -1.281, 0.000]
- Rotation: in Quaternion [0.000, 0.000, 0.536, 0.844]
- Rotation: in RPY (radian) [0.000, -0.000, 1.132]
- Rotation: in RPY (degree) [0.000, -0.000, 64.869]
- Matrix:
  0.425 -0.905  0.000 -1.969
  0.905  0.425  0.000 -1.281
  0.000  0.000  1.000  0.000
  0.000  0.000  0.000  1.000
At time 1761203898.440444894
- Translation: [-1.053, -1.955, 0.000]
- Rotation: in Quaternion [0.000, 0.000, 0.669, 0.743]
- Rotation: in RPY (radian) [0.000, -0.000, 1.465]
- Rotation: in RPY (degree) [0.000, -0.000, 83.948]
- Matrix:
  0.105 -0.994  0.000 -1.053
  0.994  0.105  0.000 -1.955
  0.000  0.000  1.000  0.000
  0.000  0.000  0.000  1.000
At time 1761203899.432197219
- Translation: [-2.525, -0.975, 0.000]
- Rotation: in Quaternion [0.000, 0.000, 0.555, 0.832]
- Rotation: in RPY (radian) [0.000, -0.000, 1.176]
- Rotation: in RPY (degree) [0.000, -0.000, 67.372]
- Matrix:
  0.385 -0.923  0.000 -2.525
  0.923  0.385  0.000 -0.975
  0.000  0.000  1.000  0.000
  0.000  0.000  0.000  1.000
At time 1761203900.440845906
- Translation: [-1.694, -0.051, 0.000]
- Rotation: in Quaternion [0.000, 0.000, 0.182, 0.983]
- Rotation: in RPY (radian) [0.000, -0.000, 0.366]
- Rotation: in RPY (degree) [0.000, -0.000, 20.980]
- Matrix:
  0.934 -0.358  0.000 -1.694
  0.358  0.934  0.000 -0.051
  0.000  0.000  1.000  0.000
  0.000  0.000  0.000  1.000
At time 1761203901.433016030
- Translation: [-0.873, 0.112, 0.000]
- Rotation: in Quaternion [0.000, 0.000, 0.016, 1.000]
- Rotation: in RPY (radian) [0.000, -0.000, 0.033]
- Rotation: in RPY (degree) [0.000, -0.000, 1.890]
- Matrix:
  0.999 -0.033  0.000 -0.873
  0.033  0.999  0.000  0.112
  0.000  0.000  1.000  0.000
  0.000  0.000  0.000  1.000
At time 1761203902.440227162
- Translation: [-0.431, 0.090, 0.000]
- Rotation: in Quaternion [0.000, 0.000, -0.064, 0.998]
- Rotation: in RPY (radian) [0.000, 0.000, -0.129]
- Rotation: in RPY (degree) [0.000, 0.000, -7.395]
- Matrix:
  0.992  0.129  0.000 -0.431
 -0.129  0.992 -0.000  0.090
 -0.000  0.000  1.000  0.000
  0.000  0.000  0.000  1.000
At time 1761203903.432988945
- Translation: [-0.216, 0.054, 0.000]
- Rotation: in Quaternion [0.000, 0.000, -0.103, 0.995]
- Rotation: in RPY (radian) [0.000, 0.000, -0.206]
- Rotation: in RPY (degree) [0.000, 0.000, -11.809]
- Matrix:
  0.979  0.205  0.000 -0.216
 -0.205  0.979 -0.000  0.054
 -0.000  0.000  1.000  0.000
  0.000  0.000  0.000  1.000
At time 1761203904.440619157
- Translation: [-0.106, 0.029, 0.000]
- Rotation: in Quaternion [0.000, 0.000, -0.122, 0.993]
- Rotation: in RPY (radian) [0.000, 0.000, -0.245]
- Rotation: in RPY (degree) [0.000, 0.000, -14.030]
- Matrix:
  0.970  0.242  0.000 -0.106
 -0.242  0.970 -0.000  0.029
 -0.000  0.000  1.000  0.000
  0.000  0.000  0.000  1.000
At time 1761203905.432329615
- Translation: [-0.054, 0.015, 0.000]
- Rotation: in Quaternion [0.000, 0.000, -0.131, 0.991]
- Rotation: in RPY (radian) [0.000, 0.000, -0.263]
- Rotation: in RPY (degree) [0.000, 0.000, -15.096]
- Matrix:
  0.965  0.260  0.000 -0.054
 -0.260  0.965 -0.000  0.015
 -0.000  0.000  1.000  0.000
  0.000  0.000  0.000  1.000
At time 1761203906.440162946
- Translation: [-0.027, 0.008, 0.000]
- Rotation: in Quaternion [0.000, 0.000, -0.136, 0.991]
- Rotation: in RPY (radian) [0.000, 0.000, -0.273]
- Rotation: in RPY (degree) [0.000, 0.000, -15.634]
- Matrix:
  0.963  0.269  0.000 -0.027
 -0.269  0.963 -0.000  0.008
 -0.000  0.000  1.000  0.000
  0.000  0.000  0.000  1.000
At time 1761203907.432449354
- Translation: [-0.013, 0.004, 0.000]
- Rotation: in Quaternion [0.000, 0.000, -0.138, 0.990]
- Rotation: in RPY (radian) [0.000, 0.000, -0.277]
- Rotation: in RPY (degree) [0.000, 0.000, -15.892]
- Matrix:
  0.962  0.274  0.000 -0.013
 -0.274  0.962 -0.000  0.004
 -0.000  0.000  1.000  0.000
  0.000  0.000  0.000  1.000
At time 1761203908.440430887
- Translation: [-0.007, 0.002, 0.000]
- Rotation: in Quaternion [0.000, 0.000, -0.139, 0.990]
- Rotation: in RPY (radian) [0.000, 0.000, -0.280]
- Rotation: in RPY (degree) [0.000, 0.000, -16.023]
- Matrix:
  0.961  0.276  0.000 -0.007
 -0.276  0.961 -0.000  0.002
 -0.000  0.000  1.000  0.000
  0.000  0.000  0.000  1.000
At time 1761203909.432773859
- Translation: [-0.003, 0.001, 0.000]
- Rotation: in Quaternion [0.000, 0.000, -0.140, 0.990]
- Rotation: in RPY (radian) [0.000, 0.000, -0.281]
- Rotation: in RPY (degree) [0.000, 0.000, -16.084]
- Matrix:
  0.961  0.277  0.000 -0.003
 -0.277  0.961 -0.000  0.001
 -0.000  0.000  1.000  0.000
  0.000  0.000  0.000  1.000
At time 1761203910.440682429
- Translation: [-0.002, 0.000, 0.000]
- Rotation: in Quaternion [0.000, 0.000, -0.140, 0.990]
- Rotation: in RPY (radian) [0.000, 0.000, -0.281]
- Rotation: in RPY (degree) [0.000, 0.000, -16.114]
- Matrix:
  0.961  0.278  0.000 -0.002
 -0.278  0.961 -0.000  0.000
 -0.000  0.000  1.000  0.000
  0.000  0.000  0.000  1.000
At time 1761203911.431287615
- Translation: [-0.001, 0.000, 0.000]
- Rotation: in Quaternion [0.000, 0.000, -0.140, 0.990]
- Rotation: in RPY (radian) [0.000, 0.000, -0.281]
- Rotation: in RPY (degree) [0.000, 0.000, -16.121]
- Matrix:
  0.961  0.278  0.000 -0.001
 -0.278  0.961 -0.000  0.000
 -0.000  0.000  1.000  0.000
  0.000  0.000  0.000  1.000
At time 1761203912.440429228
- Translation: [-0.000, 0.000, 0.000]
- Rotation: in Quaternion [0.000, 0.000, -0.140, 0.990]
- Rotation: in RPY (radian) [0.000, 0.000, -0.282]
- Rotation: in RPY (degree) [0.000, 0.000, -16.138]
- Matrix:
  0.961  0.278  0.000 -0.000
 -0.278  0.961 -0.000  0.000
 -0.000  0.000  1.000  0.000
  0.000  0.000  0.000  1.000
At time 1761203913.432220539
- Translation: [-0.000, 0.000, 0.000]
- Rotation: in Quaternion [0.000, 0.000, -0.141, 0.990]
- Rotation: in RPY (radian) [0.000, 0.000, -0.282]
- Rotation: in RPY (degree) [0.000, 0.000, -16.173]
- Matrix:
  0.960  0.279  0.000 -0.000
 -0.279  0.960 -0.000  0.000
 -0.000  0.000  1.000  0.000
  0.000  0.000  0.000  1.000
At time 1761203914.440249806
- Translation: [-0.000, 0.000, 0.000]
- Rotation: in Quaternion [0.000, 0.000, -0.141, 0.990]
- Rotation: in RPY (radian) [0.000, 0.000, -0.282]
- Rotation: in RPY (degree) [0.000, 0.000, -16.183]
- Matrix:
  0.960  0.279  0.000 -0.000
 -0.279  0.960 -0.000  0.000
 -0.000  0.000  1.000  0.000
  0.000  0.000  0.000  1.000
At time 1761203915.432926778
- Translation: [-0.000, 0.000, 0.000]
- Rotation: in Quaternion [0.000, 0.000, -0.140, 0.990]
- Rotation: in RPY (radian) [0.000, 0.000, -0.282]
- Rotation: in RPY (degree) [0.000, 0.000, -16.133]
- Matrix:
  0.961  0.278  0.000 -0.000
 -0.278  0.961 -0.000  0.000
 -0.000  0.000  1.000  0.000
  0.000  0.000  0.000  1.000
