linear:
  x: 6.2831853
  y: 0.0
  z: 0.0
angular:
  x: 0.0
  y: 0.0
  z: 6.2831853
---
linear:
  x: 12.5663706144
  y: 0.0
  z: 0.0
angular:
  x: 0.0
  y: 0.0
  z: -6.2831853
---
